0,000;144,1;152,9
0,033;144,1;152,9
0,067;144,1;152,9
0,100;144,1;152,9
0,133;144,1;152,9
0,166;144,1;152,9
0,200;144,1;152,9
0,233;144,0;152,9
0,266;144,0;152,9
0,300;144,0;152,9
0,333;144,0;152,9
0,366;144,0;152,9
0,399;144,0;152,9
0,433;144,0;152,8
0,466;144,0;152,8
0,499;144,0;152,8
0,533;144,0;152,9
0,566;144,0;152,9
0,599;144,0;152,9
0,633;144,0;152,9
0,666;144,0;152,9
0,699;144,0;152,8
0,732;144,0;152,9
0,766;144,1;152,9
0,799;144,1;152,9
0,832;144,1;152,9
0,866;144,1;152,8
0,899;144,1;152,8
0,932;144,1;152,8
0,965;144,1;152,8
0,999;144,1;152,8
1,032;144,1;152,8
1,065;144,1;152,8
1,099;144,1;152,8
1,132;144,1;152,8
1,165;144,1;152,9
1,198;144,0;152,9
1,232;144,0;152,9
1,265;144,0;152,9
1,298;144,0;152,9
1,332;144,0;152,9
1,365;144,1;152,9
1,398;144,1;152,9
1,431;144,0;152,8
1,465;144,0;152,8
1,498;144,0;152,8
1,531;144,0;152,8
1,565;144,0;152,8
1,598;144,0;152,9
1,631;144,0;152,9
1,665;144,0;152,9
1,698;144,0;152,9
1,731;144,0;152,9
1,764;144,0;152,9
1,798;144,0;152,9
1,831;144,1;152,9
1,864;144,1;152,9
1,898;144,1;152,9
1,931;144,1;152,9
1,964;144,3;153,3
1,997;145,0;154,2
2,031;146,3;156,4
2,064;148,4;160,2
2,097;151,0;165,2
2,131;154,0;171,6
2,164;157,4;179,4
2,197;160,8;188,6
2,230;163,8;199,1
2,264;166,1;210,5
2,297;167,8;221,7
2,330;168,9;233,1
2,364;169,0;244,4
2,397;168,4;255,5
2,430;167,1;266,7
2,463;165,0;277,7
2,497;162,4;288,7
2,530;158,9;299,6
2,563;155,0;309,7
2,597;150,4;319,4
2,630;145,2;329,0
2,663;139,4;338,2
2,697;133,0;347,0
2,730;126,0;355,5
2,763;118,4;363,4
2,796;110,5;370,7
2,830;101,9;377,7
2,863;93,25;384,0
2,896;84,14;389,8
2,930;74,44;395,0
2,963;64,78;399,4
2,996;54,95;403,3
3,029;45,01;406,5
3,063;34,94;409,0
3,096;24,48;411,1
3,129;14,03;412,3
3,163;3,506;413,2
3,196;-7,356;413,3
3,229;-18,08;412,5
3,262;-28,58;411,4
3,296;-39,27;409,4
3,329;-49,68;406,7
3,362;-59,60;403,6
3,396;-69,82;399,6
3,429;-79,64;394,9
3,462;-88,85;389,9
3,495;-98,07;384,1
3,529;-107,3;377,7
3,562;-115,5;370,7
3,595;-123,7;363,2
3,629;-131,1;355,2
3,662;-138,3;346,7
3,695;-144,6;338,1
3,728;-150,4;329,0
3,762;-155,8;319,6
3,795;-160,4;310,3
3,828;-164,5;300,1
3,862;-168,2;289,7
3,895;-170,8;279,4
3,928;-173,1;268,8
3,962;-174,9;258,0
3,995;-175,7;247,1
4,028;-175,7;236,4
4,061;-175,5;225,1
4,095;-174,4;213,8
4,128;-172,7;203,1
4,161;-170,3;192,3
4,195;-167,1;181,7
4,228;-163,2;171,5
4,261;-158,7;161,4
4,294;-153,5;151,6
4,328;-150,6;146,4
4,361;-150,6;146,4
4,394;-150,8;146,8
4,428;-150,5;146,7
4,461;-150,4;146,8
4,494;-150,6;146,7
4,527;-150,6;146,7
4,561;-150,6;146,7
4,594;-150,6;146,6
4,627;-150,6;146,6
4,661;-150,6;146,6
4,694;-150,6;146,6
4,727;-150,6;146,6
4,760;-150,6;146,6
4,794;-150,6;146,6
4,827;-150,6;146,6
4,860;-150,5;146,6
4,894;-150,5;146,6
4,927;-150,5;146,6
4,960;-150,5;146,6
4,994;-150,5;146,6
5,027;-150,5;146,6
5,060;-150,5;146,6
5,093;-150,5;146,6
5,127;-150,5;146,6
5,160;-150,6;146,6
5,193;-150,6;146,6
5,227;-150,6;146,6
5,260;-150,6;146,6
5,293;-150,6;146,6
5,326;-150,6;146,6
5,360;-150,6;146,6
5,393;-150,6;146,6
5,426;-150,6;146,6
5,460;-150,6;146,6
5,493;-150,6;146,6
5,526;-150,5;146,7
5,559;-150,5;146,7
5,593;-150,5;146,7
5,626;-150,5;146,7
5,659;-150,6;146,7
5,693;-150,6;146,7
5,726;-150,9;146,7
5,759;-151,3;146,7
5,792;-151,5;147,0
5,826;-151,6;147,5
5,859;-151,8;148,4
5,892;-152,7;149,5
5,926;-154,0;152,2
5,959;-156,3;155,9
5,992;-158,9;160,9
6,025;-162,3;167,7
6,059;-165,3;175,5
6,092;-168,1;184,1
6,125;-170,5;193,0
6,159;-172,6;201,9
6,192;-174,0;210,7
6,225;-175,2;220,0
6,259;-175,9;228,9
6,292;-176,1;238,0
6,325;-175,8;247,1
6,358;-175,0;255,8
6,392;-173,7;264,9
6,425;-172,0;274,1
6,458;-169,8;282,8
6,492;-167,2;291,6
6,525;-164,3;300,1
6,558;-160,9;308,4
6,591;-156,8;316,8
6,625;-152,4;324,8
6,658;-147,8;332,5
6,691;-142,6;340,0
6,725;-137,0;347,2
6,758;-131,2;354,3
6,791;-124,6;361,2
6,824;-116,8;368,2
6,858;-109,7;374,4
6,891;-101,2;380,6
6,924;-93,54;385,7
6,958;-85,12;390,5
6,991;-76,21;395,1
7,024;-67,43;398,9
7,057;-58,54;402,1
7,091;-49,12;404,9
7,124;-39,57;407,3
7,157;-29,74;409,2
7,191;-19,86;410,4
7,224;-10,07;411,0
7,257;-0,434;411,1
7,290;9,565;410,8
7,324;19,29;409,8
7,357;29,07;408,2
7,390;38,82;406,3
7,424;48,23;403,5
7,457;57,45;400,3
7,490;66,70;396,6
7,524;75,55;392,5
7,557;83,91;387,8
7,590;92,36;382,4
7,623;100,1;376,8
7,657;107,6;370,9
7,690;115,0;364,3
7,723;121,8;357,6
7,757;128,2;350,4
7,790;134,2;343,0
7,823;139,7;335,2
7,856;144,6;327,5
7,890;149,1;319,3
7,923;153,2;311,0
7,956;156,8;302,6
7,990;159,8;294,0
8,023;162,4;285,2
8,056;164,7;276,4
8,089;166,6;267,7
8,123;167,9;258,6
8,156;168,7;249,6
8,189;169,2;241,0
8,223;169,0;232,3
8,256;168,6;223,4
8,289;167,7;214,9
8,322;166,2;206,3
8,356;164,4;197,7
8,389;162,1;189,5
8,422;159,5;181,2
8,456;156,4;172,9
8,489;152,9;164,6
8,522;148,8;156,4
8,556;144,6;149,0
8,589;144,4;147,9
8,622;144,5;148,7
8,655;144,4;149,7
8,689;144,7;149,8
8,722;144,5;149,0
8,755;144,4;148,8
8,789;144,3;149,1
8,822;144,4;149,0
8,855;144,5;148,9
8,888;144,4;148,9
8,922;144,4;148,9
8,955;144,4;148,9
8,988;144,4;148,8
9,022;144,4;148,9
9,055;144,4;148,9
9,088;144,5;148,9
9,121;144,4;148,9
9,155;144,4;148,9
9,188;144,4;148,9
9,221;144,4;148,8
9,255;144,4;148,8
9,288;144,4;148,9
9,321;144,4;148,9
9,354;144,4;148,9

